2815 2415 2656 2594 2552 2570 2752 2730 2518 2326 2740 2766 2951 2492 2042 2693 2831 2388 2537 2870 2648 2782 2593 2579 2858 2619 2643 2662 2751 2780 2796 2408 2336 2695 2729 2501 2822 2560 2436 2832 2484 2359 2362 2545 2322 2535 2346 2794 2666 2340 2330 2501 2490 2749 2433 2749 2331 2716 2745 2177 2536 2570 2333 2790 2489 2555 1932 2443 2934 2790 2822 2743 2440 2890 2452 2387 2703 2442 2606 2491 2365 2688 2688 2362 2842 2367 2468 2625 2672 2733 2654 2603 2337 2330 2271 2267 2577 2284 2164 2679 
3190 2525 2759 2979 2594 2845 3011 2777 3011 2576 2985 2805 3344 2643 2398 2679 3060 2749 3030 3231 2478 2943 2783 2869 3096 2945 2883 2841 2634 3078 2808 2719 2530 2904 2892 2578 2990 2823 2630 3016 2809 2808 2561 2876 2579 2817 2772 3229 3037 2634 2422 2594 2621 2888 2325 2903 2849 3022 3112 2353 2709 3105 2501 2965 2583 2880 2475 2801 3417 2761 2817 2899 2765 2853 2794 3067 2937 2785 2966 2668 2608 2933 2900 2531 3126 2575 2667 2899 3024 2880 2823 2836 2670 2486 2726 2719 2700 2689 2371 3059 
2623 2438 2706 2475 2399 2537 2680 2496 2530 2285 2607 2489 2951 2418 2115 2443 2593 2452 2626 2812 2453 2538 2369 2430 2549 2474 2397 2555 2610 2855 2487 2301 2344 2490 2630 2394 2785 2491 2164 2701 2523 2585 2173 2631 2478 2545 2600 2668 2647 2409 2351 2264 2533 2475 2121 2372 2285 2849 2733 2106 2413 2581 2352 2708 2515 2686 2087 2471 2913 2512 2501 2468 2351 2479 2394 2289 2644 2367 2367 2150 2332 2500 2611 2262 2834 2238 2428 2568 2658 2545 2600 2504 2426 2195 2315 2397 2294 2305 2185 2859 
2419 1854 2226 2151 2005 2271 2160 2215 2064 1982 2258 2000 2363 2160 2086 1987 2192 2093 2146 2520 2031 2237 2072 1885 2263 2256 2215 1994 2003 2346 2029 1929 2298 1938 2202 1980 2287 2207 1991 2262 2307 2140 1985 2085 2086 2207 1924 2160 2175 1878 1960 1761 1859 2043 1994 1984 2086 2228 2292 1804 1973 2151 2114 2331 1880 2081 1658 1899 2396 2071 2334 2187 2062 1991 2100 2021 2249 2201 2015 1986 2049 2139 2089 2057 2409 1925 2039 2246 2380 1986 2007 2099 2130 2029 2293 1709 2143 1774 1772 2224 
2986 2569 2860 2543 2718 2870 2760 2764 2874 2398 2842 2567 3103 2828 2291 2464 2667 2660 2796 3129 2642 2770 2561 2672 2915 2778 2651 2734 2654 3067 2770 2735 2655 2765 2941 2394 3039 2738 2876 2902 2949 2944 2545 2640 2624 2753 2653 3016 2692 2600 2400 2290 2654 2823 2472 2721 2614 2836 2920 2290 2477 2915 2793 3035 2572 2816 2324 2729 3193 2711 2997 2801 2626 2631 2767 2651 3203 2766 2776 2474 2625 2738 3014 2513 3117 2288 2804 2779 2857 2856 2502 2881 2705 2529 2807 2442 2556 2592 2525 2986 
2727 2439 2856 2720 2456 2759 2459 2764 2529 2437 2778 2456 3044 2571 2500 2348 2756 2550 2846 2932 2394 2884 2616 2404 2741 2690 2548 2654 2659 2758 2570 2477 2638 2719 2912 2396 2718 2706 2763 2770 2612 2652 2401 2481 2520 2511 2367 2946 2648 2379 2175 2207 2333 2666 2151 2500 2705 2915 2663 2143 2307 2650 2478 2783 2622 2778 2323 2369 2927 2469 2948 2686 2474 2498 2737 2487 2554 2623 2617 2529 2687 2930 2577 2443 2796 2454 2226 2795 2775 2560 2702 2854 2622 2459 2553 2202 2417 2198 2222 2719 
2928 2628 2900 2548 2734 2750 2694 2674 2799 2772 2809 2488 3135 2636 2321 2447 2710 2523 2803 3022 2499 2823 2651 2681 3031 2731 2815 2645 2757 2991 2649 2684 2802 2571 3076 2714 2912 2662 2774 2878 2746 2680 2581 2630 2529 2771 2508 2794 2754 2561 2516 2269 2559 2729 2355 2782 2618 2925 2863 2384 2621 3003 2712 3119 2769 2944 2167 2542 3048 2854 2850 2719 2593 2591 2640 2653 2958 2640 2824 2441 2736 2742 2812 2622 3074 2345 2726 2709 2667 2789 2496 2820 2730 2466 2648 2343 2699 2499 2284 2838 
3361 2657 2875 2759 2615 2931 3026 2890 2812 2548 3144 2613 3271 2741 2686 2603 3067 2611 3166 3102 2609 3152 2813 2889 2985 3073 2827 2682 2913 3042 3012 2604 2662 2910 3277 2641 3205 2959 2603 2925 2992 3093 2576 2727 2960 2680 2663 3011 2882 2614 2420 2492 2439 2811 2335 2999 2735 3007 2962 2418 2833 2975 2609 3001 2873 2937 2589 2689 3283 2670 3299 2964 2795 2839 3036 2832 2965 2964 2809 2812 2777 2977 2777 2567 3113 2704 2572 2833 3100 2876 2909 2943 2996 2643 2941 2567 2767 2630 2439 3114 
2706 2429 2569 2257 2508 2472 2679 2390 2689 2242 2605 2310 2754 2394 2239 2291 2414 2438 2499 2667 2152 2554 2302 2439 2750 2725 2472 2498 2384 2794 2407 2494 2283 2525 2556 2430 2753 2732 2538 2471 2485 2543 2354 2472 2464 2388 2302 2645 2646 2312 2189 2285 2390 2349 2186 2514 2566 2644 2736 2080 2447 2698 2429 2384 2406 2514 2172 2277 2771 2351 2663 2605 2409 2523 2548 2516 2576 2433 2475 2339 2159 2555 2454 2047 2678 2331 2432 2523 2457 2452 2382 2599 2364 2171 2419 2243 2341 2112 2083 2677 
3002 2382 2730 2444 2550 2587 2710 2514 2757 2280 2667 2393 3041 2697 2349 2468 2699 2505 2902 3082 2319 2984 2550 2657 2670 2648 2597 2726 2722 2792 2767 2586 2582 2579 2918 2521 2864 2762 2673 2675 2718 2820 2252 2631 2724 2635 2468 2668 2754 2540 2292 2109 2344 2716 2205 2823 2703 2880 2887 2312 2459 2854 2597 2918 2571 2646 2393 2614 2993 2629 2941 2854 2614 2640 2736 2574 2824 2533 2581 2593 2418 2910 2639 2377 2860 2386 2639 2635 2745 2841 2518 2724 2475 2244 2546 2313 2629 2466 2158 3023 
2806 2492 2894 2618 2645 2600 2722 2574 2861 2336 2788 2562 3079 2465 2422 2513 2741 2537 2730 2962 2407 2678 2599 2460 2911 2622 2451 2798 2587 2767 2710 2621 2502 2758 2915 2639 2905 2555 2501 2898 2582 2704 2149 2577 2516 2454 2641 2864 2663 2492 2242 2025 2348 2516 2409 2810 2575 2825 2751 2263 2458 2763 2652 2797 2275 2577 2304 2493 3064 2738 2705 2705 2535 2509 2525 2483 2728 2680 2624 2420 2545 2911 2737 2486 2778 2437 2636 2659 2616 2958 2518 2562 2618 2438 2534 2383 2532 2264 2346 2959 
2864 2268 2603 2358 2354 2657 2681 2464 2604 2021 2571 2507 2743 2609 2215 2088 2423 2321 2674 2925 2342 2569 2588 2496 2572 2552 2561 2522 2522 2543 2523 2377 2471 2448 2797 2359 2784 2509 2551 2607 2496 2744 2361 2498 2345 2698 2390 2741 2458 2379 2327 2197 2332 2613 2312 2806 2588 2640 2856 2057 2450 2694 2423 2912 2442 2488 2027 2541 3125 2580 2763 2549 2474 2579 2554 2437 2802 2510 2437 2461 2536 2630 2531 2469 2853 2204 2627 2424 2586 2570 2643 2532 2465 2186 2557 2365 2601 2441 2003 2644 
2524 2211 2474 2379 2334 2410 2420 2452 2506 2279 2433 2316 2680 2174 2136 2257 2316 2333 2522 2680 2173 2433 2466 2330 2696 2400 2254 2342 2395 2360 2410 2363 2243 2516 2614 2351 2498 2313 2226 2771 2346 2318 2127 2214 2172 2268 2246 2731 2296 2128 2029 2075 2238 2489 2070 2496 2536 2441 2440 2064 2208 2430 2189 2730 2054 2223 1823 2303 2837 2443 2616 2501 2175 2425 2289 2247 2442 2540 2310 2322 2115 2556 2332 2084 2617 2191 2269 2409 2417 2388 2416 2293 2290 2080 2286 2086 2320 2177 1866 2402 
2655 2125 2301 2083 2176 2274 2334 2305 2364 2186 2394 2306 2602 2239 2008 2125 2322 2124 2412 2646 2082 2300 2261 2456 2457 2380 2276 2452 2464 2571 2359 2488 2147 2306 2584 2119 2626 2337 2342 2439 2250 2402 2256 2289 2343 2260 2348 2509 2331 2170 1963 2005 2144 2464 2080 2469 2421 2587 2421 1895 2381 2340 2181 2440 2133 2261 1893 2367 2631 2387 2445 2436 2190 2431 2166 2424 2517 2468 2277 2329 2102 2394 2349 2052 2626 2206 2368 2310 2341 2374 2231 2359 2221 1955 2148 2031 2108 2146 1967 2435 
2605 2431 2504 2367 2328 2434 2487 2200 2455 2268 2431 2235 2679 2207 2016 2327 2490 2241 2389 2751 2114 2514 2544 2437 2792 2517 2421 2365 2424 2559 2472 2356 2407 2411 2650 2252 2646 2525 2253 2647 2106 2516 2113 2376 2363 2336 2264 2477 2489 2216 2214 2131 2309 2560 2342 2538 2238 2799 2616 1973 2465 2406 2321 2560 2430 2526 2098 2170 2624 2567 2447 2409 2269 2442 2304 2204 2381 2255 2384 2238 2449 2706 2428 2190 2633 2289 2254 2284 2430 2348 2351 2576 2375 2024 2239 2198 2443 2006 2048 2529 
2884 2466 2936 2434 2747 2709 2887 2777 2533 2246 2698 2637 2709 2668 2173 2537 2615 2590 2636 2891 2515 2732 2634 2852 2847 2643 2537 2626 2761 2722 2612 2495 2399 2764 2754 2390 2901 2603 2585 2848 2749 2589 2471 2711 2591 2638 2433 2941 2727 2333 2191 2339 2401 2520 2435 2753 2450 2784 2626 2299 2439 2732 2492 2779 2477 2629 2104 2334 3157 2590 2702 2827 2630 2703 2540 2536 2615 2496 2559 2444 2357 2829 2785 2266 2881 2523 2473 2624 2700 2800 2512 2521 2495 2332 2420 2377 2489 2504 2148 2555 
2691 2356 2451 2284 2598 2596 2698 2468 2583 2034 2578 2562 2746 2560 2241 2518 2577 2451 2798 2682 2380 2606 2469 2591 2591 2515 2460 2571 2560 2384 2615 2421 2538 2602 2589 2428 2645 2414 2459 2592 2570 2665 2318 2504 2357 2609 2364 2808 2439 2399 2171 2182 2322 2657 2245 2620 2623 2744 2745 1987 2317 2683 2446 2681 2427 2430 1879 2523 2834 2543 2695 2576 2522 2502 2406 2287 2648 2425 2478 2271 2482 2636 2621 2196 2700 2443 2506 2556 2648 2707 2549 2290 2432 2138 2464 2069 2287 2356 1962 2520 
3356 2762 3333 2981 2923 3184 3143 3211 3156 2677 3164 2855 3378 2908 2785 2836 3083 2997 3291 3580 2904 3192 3046 2879 3258 2994 3018 2990 3068 3287 3153 3139 2946 2973 3111 2732 3288 3082 3042 3117 3244 3031 2644 3177 2935 2972 3027 3105 3359 2844 2567 2517 2867 2910 2649 3077 3096 3173 3220 2351 2701 3234 2980 3342 2992 2968 2678 2936 3448 3059 3147 2954 2839 3050 3144 2892 3303 2984 3182 3036 2887 3259 3069 2809 3351 2786 2971 3228 3170 2962 3141 3005 2999 2631 3047 2619 2910 2788 2538 3497 
2877 2388 2768 2532 2480 2753 2684 2863 2750 2310 2781 2510 3106 2514 2283 2474 2745 2326 2837 2793 2590 2825 2711 2616 2863 2769 2752 2623 2577 2775 2500 2729 2570 2508 2716 2457 2717 2670 2464 2939 2832 2612 2338 2687 2523 2374 2514 2820 2661 2292 2341 2360 2340 2674 2395 2652 2537 2899 2805 2075 2498 2816 2491 2892 2547 2608 2214 2577 2944 2553 2699 2652 2424 2520 2549 2535 2873 2589 2570 2547 2539 2547 2535 2355 2718 2539 2473 2688 2771 2525 2649 2535 2777 2244 2602 2242 2426 2388 2108 2890 
2821 2419 2802 2513 2591 2553 2647 2563 2681 2343 2641 2506 3027 2362 2315 2316 2623 2420 2708 2834 2322 2589 2719 2458 2871 2970 2545 2407 2475 2796 2330 2665 2627 2641 2727 2372 2713 2580 2783 2840 2572 2556 2323 2545 2374 2464 2318 2726 2547 2539 2174 2304 2500 2419 2259 2734 2642 2836 2736 2202 2545 2748 2499 2734 2630 2543 2163 2396 2925 2659 2794 2447 2383 2532 2469 2466 2789 2477 2548 2365 2468 2693 2478 2328 2916 2194 2362 2660 2608 2623 2537 2711 2516 2278 2686 2317 2514 2159 2088 2891 
2782 2235 2622 2500 2214 2506 2454 2734 2380 2363 2571 2382 2810 2496 2368 2283 2658 2251 2634 2715 2629 2657 2445 2467 2810 2422 2388 2578 2609 2814 2589 2494 2339 2476 2561 2215 2633 2474 2427 2724 2744 2545 2383 2371 2462 2388 2335 2512 2627 2414 2230 2196 2126 2436 2146 2573 2498 2632 2528 2130 2325 2404 2260 2895 2442 2541 2160 2418 2858 2409 2708 2656 2531 2596 2526 2521 2731 2569 2339 2277 2561 2473 2538 2343 2753 2367 2437 2657 2526 2417 2515 2726 2691 2323 2494 2162 2413 2186 2317 2656 
2728 2096 2509 2450 2286 2325 2646 2345 2344 2124 2658 2176 2865 2406 2163 2276 2432 2243 2525 2801 2087 2451 2452 2301 2810 2493 2289 2440 2302 2731 2467 2384 2192 2411 2523 2259 2545 2516 2252 2480 2458 2352 2009 2433 2485 2297 2362 2410 2524 2167 2180 2074 2186 2235 2161 2407 2382 2605 2485 2042 2055 2471 2298 2593 2371 2382 2069 2030 2884 2336 2402 2448 2246 2320 2280 2388 2505 2393 2268 2177 2281 2561 2471 2051 2565 2281 2159 2581 2358 2521 2280 2485 2381 2067 2479 2168 2257 2202 1989 2703 
2817 2399 2942 2686 2690 2632 2729 2711 2880 2331 2948 2630 3079 2511 2380 2560 2817 2625 2701 2966 2368 2746 2749 2690 2874 2759 2680 2611 2706 2960 2581 2559 2623 2894 2720 2494 2839 2729 2530 2861 2778 2723 2336 2683 2702 2448 2516 2911 2870 2320 2204 2337 2336 2635 2485 2784 2558 2986 2809 2252 2526 2778 2502 2869 2700 2657 2284 2519 2991 2813 2748 2663 2517 2645 2667 2533 2771 2540 2758 2527 2679 2838 2619 2600 2904 2467 2664 2656 2806 2536 2650 2567 2555 2327 2597 2493 2366 2337 2306 2899 
2604 2103 2527 2425 2221 2390 2689 2370 2305 2036 2630 2155 2621 2387 2161 2259 2422 2143 2542 2779 2088 2233 2335 2405 2497 2487 2318 2283 2290 2365 2303 2241 2102 2352 2331 2209 2762 2386 2336 2378 2387 2528 2108 2394 2388 2263 2346 2429 2465 2247 1912 2063 2258 2257 1999 2539 2345 2710 2436 1939 2298 2427 2216 2317 2244 2204 2015 2188 2741 2364 2370 2335 2362 2442 2281 2381 2540 2353 2225 2454 2176 2473 2240 1828 2594 2170 2423 2374 2507 2320 2407 2281 2323 2083 2300 2125 2504 2201 1829 2404 
3051 2471 2850 2517 2676 2789 2668 2844 2846 2547 2805 2449 3292 2646 2298 2501 2813 2595 2736 2949 2510 2783 2741 2840 2885 2854 2772 2625 2666 2746 2637 2616 2549 2907 2943 2431 2832 2692 2809 2990 2629 2513 2414 2659 2388 2467 2670 2796 2748 2510 2328 2203 2602 2797 2402 2786 2576 3102 2963 2252 2611 2829 2756 2749 2425 2680 2127 2561 3049 2716 2812 2740 2473 2580 2586 2439 2783 2696 2848 2683 2514 2899 2755 2220 2816 2676 2632 2524 2871 2823 2475 2652 2723 2387 2678 2527 2509 2534 2303 2943 
2771 2535 2800 2560 2679 2502 2679 2497 2597 2384 2755 2469 2843 2599 2166 2388 2700 2532 2748 2801 2332 2659 2502 2474 2628 2599 2631 2633 2763 2897 2436 2452 2462 2664 2678 2331 2629 2388 2528 2829 2768 2706 2371 2453 2620 2401 2371 2661 2616 2396 2227 2319 2352 2549 2230 2328 2515 2801 2789 1982 2391 2758 2415 2738 2616 2552 2220 2198 2779 2745 2615 2550 2600 2607 2506 2554 2639 2518 2661 2153 2481 2641 2739 2272 2733 2286 2517 2711 2748 2465 2428 2603 2447 2259 2433 2304 2493 2127 2216 2850 
2550 2034 2298 2204 2189 2304 2236 2138 2271 2201 2301 2172 2458 2187 2093 2082 2153 2142 2413 2578 2008 2206 2188 2208 2256 2357 2254 2148 2251 2396 2370 2218 2099 2232 2293 2113 2526 2286 2450 2196 2300 2170 2008 2355 1905 2274 2233 2286 2411 2086 1787 1817 2112 2374 1981 2194 2184 2247 2353 1810 2242 2335 2170 2305 2031 2061 1992 2096 2420 2216 2312 2385 2252 2382 2095 2216 2420 2155 2181 2176 2201 2537 2359 1956 2287 2108 2037 2274 2373 2330 2087 2290 2149 2082 2260 1832 2330 1944 1702 2384 
2823 2295 2695 2379 2668 2636 2531 2590 2565 2314 2973 2392 2826 2562 2238 2523 2596 2386 2715 2689 2328 2663 2341 2563 2575 2617 2531 2624 2633 2837 2464 2484 2349 2589 2618 2377 2868 2657 2494 2681 2661 2660 2190 2573 2445 2261 2455 2719 2714 2213 2061 2127 2307 2485 2175 2573 2405 2853 2631 2093 2321 2498 2507 2758 2584 2483 2065 2217 2737 2464 2599 2497 2357 2508 2495 2331 2657 2296 2705 2313 2458 2693 2486 2342 2758 2518 2299 2608 2656 2516 2543 2601 2487 2180 2442 2222 2441 2252 2318 2947 
2777 2444 2692 2561 2581 2716 2623 2422 2713 2355 2637 2480 2688 2550 1963 2383 2618 2401 2691 2836 2248 2822 2440 2424 2667 2635 2598 2539 2673 2782 2540 2416 2530 2620 2575 2263 2800 2633 2550 2723 2604 2694 2266 2488 2530 2318 2228 2766 2703 2191 2209 2222 2385 2522 2299 2461 2317 2753 2659 2073 2518 2615 2390 2809 2698 2392 2066 2246 2742 2756 2416 2359 2422 2484 2449 2350 2529 2342 2565 2499 2489 2746 2429 2209 2585 2117 2532 2516 2583 2335 2389 2544 2434 2183 2312 2360 2483 2168 2143 2775 
2853 2383 2581 2433 2473 2640 2823 2521 2535 2210 2622 2460 2862 2501 2459 2308 2626 2395 2797 2782 2312 2533 2513 2576 2675 2677 2430 2599 2681 2643 2408 2465 2342 2535 2679 2471 2815 2430 2420 2671 2622 2634 2397 2585 2627 2519 2448 2733 2543 2373 2028 2154 2464 2618 2347 2589 2481 2754 2748 2149 2538 2716 2532 2491 2408 2440 2047 2272 3121 2414 2712 2551 2472 2321 2526 2491 2537 2641 2506 2375 2527 2537 2621 2086 2890 2544 2410 2482 2598 2715 2531 2346 2550 2283 2447 2421 2515 2324 2271 2533 
2667 2692 2667 2340 2637 2592 2505 2586 2717 2249 2579 2428 2759 2398 2217 2342 2485 2232 2539 2849 2462 2666 2465 2418 2706 2677 2453 2448 2456 2767 2452 2442 2476 2510 2541 2473 2830 2732 2694 2614 2303 2606 2351 2315 2384 2177 2244 2816 2605 2374 2081 2204 2343 2325 2266 2716 2480 2818 2531 2103 2489 2523 2422 2626 2543 2405 2068 2295 2728 2431 2671 2566 2447 2849 2544 2342 2745 2454 2310 2574 2436 2724 2476 2243 2680 2181 2455 2647 2539 2543 2701 2616 2494 2128 2340 2175 2487 2167 2153 2614 
2638 2043 2197 2117 2053 2180 2478 2420 2316 2048 2496 2237 2527 2431 1979 2136 2456 2127 2218 2411 2058 2268 2034 2257 2444 2283 2159 2316 2018 2410 2228 2182 2044 2325 2526 1888 2307 2285 2108 2344 2480 2329 2159 2102 2082 1999 2248 2497 2350 2065 2057 1839 2160 2340 1949 2179 2170 2528 2357 1978 2178 2354 2134 2305 2108 2451 1891 2085 2459 2036 2493 2475 2188 2246 2246 2181 2312 2268 2312 2128 1958 2406 2289 1913 2332 2126 2176 2273 2484 2287 2024 2490 2298 2033 2242 1899 1996 2052 2028 2459 
3027 2425 2589 2498 2349 2662 2646 2729 2528 2586 2896 2484 2738 2517 2181 2558 2686 2428 2768 3004 2439 2838 2517 2405 2885 2530 2521 2741 2667 3003 2683 2616 2356 2673 2880 2231 2870 2698 2322 2764 2777 2641 2386 2485 2586 2381 2504 2793 2364 2488 2315 2215 2289 2507 2201 2469 2550 2792 2736 1984 2432 2732 2486 2672 2474 2604 2187 2468 2656 2577 2609 2782 2544 2777 2691 2733 2847 2694 2531 2474 2399 2676 2688 2256 2735 2470 2449 2700 2696 2471 2405 2818 2490 2283 2414 2144 2662 2276 2082 2798 
3007 2523 2802 2864 2690 2884 3096 2979 2966 2733 3028 2711 3147 2904 2561 2737 2870 2753 2977 3274 2659 2999 2811 2831 3008 2995 2753 2942 2614 3002 2792 2754 2870 2728 2948 2371 3074 2731 2782 3042 2992 3099 2682 2780 2633 2788 2788 3109 3065 2571 2662 2352 2771 3126 2616 2821 2706 3288 3037 2417 2846 3027 2733 3134 2802 2922 2373 2808 3203 2783 2938 2934 2738 2892 2779 2763 2997 2758 2782 2738 2836 2939 2867 2460 3169 2535 2790 2921 3212 2689 2905 2908 2889 2714 2853 2501 2671 2493 2435 3048 
2594 2205 2468 2254 2218 2476 2584 2487 2335 2058 2457 2412 2791 2417 2245 2278 2407 2394 2730 2578 2431 2423 2370 2279 2636 2643 2362 2520 2392 2783 2539 2452 2349 2444 2655 2289 2623 2416 2301 2461 2700 2574 2288 2302 2348 2649 2327 2728 2418 2287 2120 2159 2335 2547 2203 2472 2650 2386 2627 1961 2387 2454 2143 2691 2391 2312 2217 2479 2802 2320 2714 2498 2346 2458 2563 2404 2679 2596 2337 2349 2330 2521 2549 2214 2630 2131 2412 2532 2483 2343 2350 2465 2428 2110 2628 2017 2300 2179 2166 2449 
2765 2222 2583 2382 2369 2601 2568 2536 2679 2326 2600 2444 2882 2570 2116 2478 2490 2348 2554 2654 2522 2408 2337 2556 2688 2465 2299 2502 2453 2609 2471 2518 2405 2643 2595 2151 2649 2578 2315 2721 2618 2409 2420 2507 2330 2616 2464 2635 2639 2370 2247 2173 2229 2563 2359 2521 2387 2820 2672 2066 2294 2575 2288 2801 2402 2470 1992 2295 3005 2405 2816 2583 2268 2630 2512 2127 2613 2402 2405 2321 2382 2440 2597 2008 2666 2324 2383 2716 2656 2603 2327 2549 2474 2109 2426 2230 2439 2219 2049 2535 
2630 2354 2580 2414 2522 2519 2704 2377 2521 2281 2496 2511 2750 2503 2145 2419 2469 2389 2683 2954 2333 2452 2326 2436 2556 2409 2344 2669 2543 2496 2547 2370 2321 2499 2513 2348 2643 2424 2467 2658 2498 2588 2254 2478 2323 2585 2470 2724 2615 2187 2367 1991 2446 2528 2298 2720 2611 2556 2688 2234 2290 2580 2413 2771 2479 2349 2022 2351 2885 2436 2664 2467 2448 2387 2357 2510 2663 2346 2435 2340 2241 2737 2533 2313 2670 2218 2635 2336 2412 2597 2573 2469 2291 2276 2475 2304 2581 2469 2057 2692 
2903 2394 2629 2425 2514 2388 2709 2548 2476 2331 2760 2398 2558 2438 2348 2384 2554 2472 2685 2962 2348 2663 2452 2455 2868 2569 2625 2507 2626 2821 2521 2478 2386 2569 2598 2382 2872 2589 2458 2766 2603 2577 2499 2362 2672 2572 2359 2782 2644 2432 2138 2303 2305 2472 2287 2705 2613 2588 2603 2197 2522 2678 2346 2693 2375 2433 2192 2212 2769 2492 2699 2695 2569 2652 2631 2621 2738 2398 2506 2470 2300 2762 2553 2441 2877 2290 2428 2564 2503 2338 2553 2414 2428 2231 2490 2254 2561 2231 2095 2697 
2892 2225 2622 2558 2455 2657 2419 2575 2506 2361 2643 2272 2936 2569 2214 2310 2555 2383 2671 2843 2359 2579 2473 2462 2570 2823 2317 2682 2496 2721 2496 2672 2388 2559 2586 2257 2946 2566 2487 2790 2577 2787 2220 2578 2510 2485 2509 2716 2440 2151 2068 2317 2268 2687 2228 2455 2385 2680 2585 1950 2553 2607 2483 2758 2441 2429 2184 2436 2815 2653 2742 2242 2546 2386 2457 2440 2734 2592 2399 2423 2589 2668 2674 2038 2826 2342 2462 2496 2693 2618 2537 2637 2630 2220 2449 2185 2645 2141 2283 2638 
2842 2360 2565 2320 2305 2408 2582 2386 2480 2044 2643 2347 2838 2485 2110 2210 2599 2329 2627 2734 2321 2560 2402 2454 2369 2568 2513 2491 2481 2812 2557 2157 2358 2605 2536 2404 2662 2374 2238 2501 2676 2542 2299 2350 2548 2233 2206 2624 2452 2156 2064 2274 1948 2483 1917 2316 2425 2511 2826 1869 2295 2599 2355 2622 2348 2255 2031 2334 2891 2310 2657 2568 2505 2523 2588 2405 2595 2537 2671 2383 2391 2415 2587 2224 2762 2225 2559 2429 2513 2609 2428 2478 2343 2189 2507 2284 2428 2308 2099 2780 
2920 2608 2835 2614 2454 2641 2894 2700 2686 2304 2685 2670 2868 2605 2373 2770 2694 2555 2884 2958 2465 2733 2689 2472 2980 2566 2424 2874 2573 2880 2613 2672 2426 2801 2771 2526 2892 2804 2220 2955 2891 2765 2382 2733 2743 2769 2562 2949 2710 2470 2534 2516 2521 2625 2363 2736 2684 2854 2773 2429 2508 2785 2336 3080 2608 2691 2279 2591 3054 2609 2765 2778 2610 2667 2528 2630 2708 2633 2467 2290 2546 2786 2608 2332 2845 2360 2640 2821 2742 2578 2662 2559 2573 2377 2669 2273 2494 2363 2286 2897 
3097 2662 3064 3119 2905 2841 2970 3021 3024 2681 3051 2908 3471 2728 2417 2936 2990 2543 2963 3222 2780 2971 2812 2806 3002 2935 2761 2965 2935 3235 2990 3006 2837 3050 3005 2493 3074 3026 2676 3079 2877 2925 2605 3054 2739 2877 2936 3106 3041 2544 2758 2717 2891 2909 2720 2856 2945 3134 2970 2300 2749 2995 2541 3153 2945 2804 2528 2808 3356 2966 3164 2682 2656 3011 2854 2932 3039 2803 2811 2847 2666 2966 3049 2502 3087 2614 2784 3061 3156 2665 2858 3007 2904 2523 2899 2562 2991 2575 2639 3197 
2690 2195 2475 2392 2090 2495 2265 2326 2405 2236 2569 2203 2655 2155 2178 2303 2313 2269 2607 2598 1864 2414 2470 2391 2418 2462 2176 2294 2368 2349 2316 2341 2265 2266 2487 2203 2708 2634 2310 2486 2354 2341 2215 2433 2275 2309 2173 2678 2263 2268 1907 1953 2253 2331 2002 2464 2368 2733 2363 1951 2339 2298 2060 2369 2201 2198 2012 2338 2712 2168 2390 2431 2205 2285 2334 2345 2258 2280 2360 2282 2256 2498 2138 1926 2663 2366 2073 2301 2551 2362 2411 2260 2290 2082 2041 2045 2262 1997 1912 2476 
2517 2239 2488 2412 2236 2516 2545 2215 2403 2385 2544 2218 2834 2242 2201 2179 2415 2331 2503 2808 2104 2532 2426 2533 2617 2561 2354 2321 2427 2570 2408 2288 2266 2304 2735 2377 2618 2233 2219 2617 2426 2511 2266 2236 2270 2253 2343 2688 2412 2173 2051 2014 2317 2427 2061 2431 2339 2473 2667 2111 2277 2509 2271 2779 2248 2360 2013 2225 2724 2259 2568 2550 2383 2437 2368 2256 2394 2449 2304 2184 2077 2428 2407 2173 2828 2086 2254 2397 2514 2361 2327 2513 2180 2292 2446 2085 2417 2263 1930 2565 
2570 2052 2354 1995 2201 2461 2374 2421 2249 2069 2357 2118 2412 2321 2207 2143 2310 2117 2246 2432 2216 2257 2239 2401 2567 2314 2053 2485 2247 2315 2256 2250 2070 2376 2200 2043 2468 2295 2149 2410 2356 2292 2227 2194 2107 2120 2142 2422 2528 2107 1962 1906 2042 2301 2012 2172 2084 2458 2326 2074 2222 2388 2264 2363 2372 2271 1851 2068 2695 2233 2608 2432 2127 2198 2396 2234 2269 2209 2170 2047 2228 2318 2197 1915 2602 2155 2062 2277 2288 2402 2212 2329 2118 1942 2159 2070 2026 2265 2072 2438 
2668 2216 2538 2302 2483 2503 2495 2501 2447 2209 2485 2471 2771 2430 2179 2308 2557 2427 2546 2673 2287 2618 2495 2394 2521 2702 2595 2606 2553 2737 2369 2426 2432 2700 2644 2237 2566 2398 2421 2862 2575 2596 2233 2528 2289 2431 2311 2881 2592 2187 2213 2126 2181 2433 2252 2506 2455 2687 2818 2002 2310 2652 2448 2718 2537 2541 2178 2332 2532 2380 2561 2547 2352 2419 2315 2165 2607 2319 2639 2110 2277 2648 2637 2287 2634 2173 2321 2319 2421 2537 2247 2391 2314 2122 2703 2196 2134 2203 2102 2727 
2603 2293 2639 2399 2559 2522 2442 2521 2741 2240 2551 2491 2940 2437 2106 2437 2755 2211 2578 2765 2473 2542 2430 2535 2627 2525 2473 2392 2663 2609 2570 2579 2379 2566 2513 2408 2569 2502 2312 2811 2682 2285 2160 2483 2264 2320 2176 2888 2630 2233 2136 2156 2088 2460 2398 2584 2445 2678 2683 1940 2488 2510 2276 2853 2335 2231 2081 2249 2815 2456 2447 2553 2342 2642 2437 2446 2594 2358 2611 2200 2442 2534 2655 2380 2675 2346 2385 2488 2379 2701 2279 2398 2285 2115 2387 2357 2336 2278 1918 2821 
2795 2243 2532 2485 2225 2519 2706 2508 2292 2401 2845 2486 2862 2526 2299 2242 2542 2321 2676 2881 2446 2725 2329 2368 2757 2627 2448 2715 2550 2827 2611 2380 2388 2565 2627 2405 2981 2360 2344 2558 2711 2744 2394 2379 2530 2422 2441 2546 2545 2268 2223 2316 2218 2402 2223 2614 2534 2549 2571 2093 2420 2448 2209 2651 2457 2531 2273 2366 2744 2715 2885 2570 2602 2501 2553 2421 2802 2605 2360 2558 2373 2541 2633 2152 2811 2302 2440 2455 2664 2532 2740 2756 2345 2329 2260 2011 2553 2240 2209 2553 
3185 2507 2820 2789 2510 2854 2863 2741 2605 2479 3019 2725 3286 2765 2397 2521 2778 2636 2859 2950 2689 2812 2644 2733 3138 2783 2847 2961 2680 3193 2693 2663 2612 2707 3039 2579 2992 2928 2720 3077 2969 2997 2649 2871 2938 2834 2700 2865 2766 2721 2730 2644 2666 2696 2485 2741 2662 3043 2974 2291 2638 2912 2718 3025 2747 2820 2460 2554 3090 2800 2933 2756 2639 2783 2787 2590 2992 2614 2788 2548 2572 2790 3002 2423 2939 2510 2740 2983 2778 2605 2741 3035 2884 2480 2807 2253 2793 2530 2337 3087 
2863 2364 2678 2514 2550 2683 2694 2490 2668 2348 2558 2550 3078 2526 2250 2534 2815 2581 2818 2912 2550 2861 2520 2559 2828 2927 2485 2667 2784 2763 2414 2560 2560 2790 2898 2429 2789 2553 2518 2843 2759 2708 2485 2489 2544 2620 2545 2874 2701 2419 2201 2294 2452 2470 2205 2659 2650 2664 2785 2295 2509 2669 2251 2876 2597 2802 2212 2453 3007 2543 2980 2733 2579 2539 2713 2558 2652 2551 2532 2425 2299 2688 2665 2402 2964 2329 2510 2834 2649 2744 2430 2611 2465 2449 2572 2299 2538 2328 2291 2850 
2935 2294 2881 2531 2605 2539 2511 2642 2891 2349 2779 2415 3139 2604 2398 2400 2666 2303 2616 2916 2523 2706 2626 2655 2907 2780 2505 2713 2616 2854 2802 2650 2577 2681 2772 2443 3081 2841 2927 2803 2725 2595 2393 2815 2485 2538 2474 2710 2883 2400 2202 2247 2478 2699 2445 2648 2553 2851 2737 2222 2690 2739 2533 2730 2813 2589 2296 2578 3182 2650 2751 2775 2592 2710 2664 2540 2906 2540 2674 2635 2603 2657 2782 2344 2923 2201 2571 2753 2542 2768 2319 2747 2545 2264 2658 2254 2507 2432 2195 2896 
2710 2297 2718 2431 2404 2455 2584 2520 2563 2289 2778 2179 2976 2553 2222 2428 2547 2304 2659 2803 2082 2363 2522 2424 2482 2537 2464 2602 2499 2678 2595 2451 2221 2520 2753 2453 2738 2580 2447 2535 2452 2637 2152 2724 2552 2598 2392 2538 2463 2419 2185 2313 2472 2741 2186 2609 2551 2781 2697 2061 2479 2647 2341 2798 2392 2381 1986 2401 2979 2587 2692 2471 2212 2640 2294 2475 2609 2546 2429 2422 2438 2897 2503 2172 2836 2432 2382 2645 2651 2608 2537 2530 2429 2267 2558 2232 2540 2282 2026 2765 
2835 2075 2536 2433 2176 2472 2545 2471 2332 2378 2603 2403 2735 2555 2165 2280 2517 2338 2656 2690 2196 2476 2455 2264 2620 2419 2640 2316 2506 2590 2439 2377 2473 2391 2776 2249 2546 2503 2301 2584 2649 2413 2223 2475 2409 2561 2204 2458 2371 2457 2256 2247 2205 2353 2095 2500 2530 2716 2545 1958 2143 2391 2130 2779 2373 2378 2057 2303 2796 2382 2543 2561 2325 2500 2346 2471 2610 2407 2715 2274 2296 2508 2403 1914 2665 2327 2411 2613 2590 2438 2389 2575 2464 2241 2442 2097 2393 2095 1973 2601 
3021 2406 2730 2606 2708 2504 2593 2532 2742 2352 2717 2541 2981 2597 2141 2623 2542 2310 2766 2911 2347 2614 2544 2494 2719 2601 2644 2723 2618 2588 2683 2616 2444 2685 2886 2330 2893 2833 2623 2828 2545 2625 2264 2739 2537 2530 2403 2785 2588 2396 2510 2340 2508 2630 2387 2682 2636 2958 2891 2135 2513 2757 2450 2654 2532 2412 2075 2368 3099 2666 2620 2770 2422 2695 2445 2660 2656 2564 2759 2470 2342 2721 2713 2225 2735 2441 2641 2701 2731 2689 2394 2554 2602 2419 2641 2368 2758 2406 2115 2789 
2825 2398 2644 2451 2697 2685 2791 2741 2495 2399 2569 2399 2968 2687 2281 2356 2747 2522 2708 2955 2564 2584 2543 2417 2813 2860 2547 2567 2644 2744 2442 2476 2504 2598 2651 2442 2983 2429 2438 2821 2591 2811 2367 2588 2563 2632 2443 2743 2627 2503 2240 2363 2410 2590 2280 2577 2424 2913 2953 2074 2851 2473 2430 2768 2468 2704 2263 2537 2945 2659 2708 2396 2472 2542 2695 2513 2840 2646 2542 2297 2685 2586 2658 2350 2945 2360 2539 2573 2637 2596 2615 2412 2795 2335 2560 2352 2650 2386 2363 2945 
2476 2183 2511 2293 2445 2273 2426 2326 2381 2089 2673 2234 2732 2246 2160 2196 2336 2275 2473 2646 2351 2365 2167 2338 2475 2508 2181 2415 2407 2797 2569 2312 2156 2395 2384 2267 2582 2418 2366 2567 2431 2484 2126 2309 2293 2378 2229 2563 2527 2080 2008 2157 2201 2478 1970 2236 2505 2422 2495 1808 2256 2374 2317 2597 2376 2315 1969 2064 2649 2170 2767 2400 2289 2447 2429 2270 2582 2198 2292 2123 2276 2565 2533 2253 2624 2273 2128 2442 2336 2364 2392 2565 2232 2014 2481 2020 2299 2011 2098 2699 
2877 2356 2673 2469 2548 2793 2512 2706 2622 2355 2523 2414 2969 2710 2310 2470 2881 2356 2645 2992 2677 2785 2521 2375 2754 2718 2518 2658 2700 2746 2659 2713 2339 2608 2804 2427 2878 2853 2647 2909 2576 2553 2285 2583 2467 2560 2479 2887 2629 2450 2289 2175 2393 2547 2358 2568 2560 2744 2619 2054 2371 2794 2505 2940 2509 2543 2107 2368 2980 2599 2880 2580 2415 2454 2580 2628 2826 2583 2485 2500 2506 2882 2640 2484 2827 2463 2505 2644 2483 2641 2381 2652 2484 2356 2715 2288 2633 2335 2233 2937 
2680 2497 2703 2617 2629 2655 2706 2583 2598 2578 2739 2502 2894 2621 2226 2316 2669 2604 2697 3222 2366 2742 2570 2625 2847 2585 2573 2642 2593 2905 2665 2407 2496 2695 2762 2417 2758 2571 2528 2909 2648 2733 2292 2394 2399 2359 2437 2926 2670 2465 2316 2306 2326 2429 2213 2603 2689 2741 2697 2198 2371 2585 2637 2936 2304 2515 2291 2357 2889 2612 2706 2806 2523 2553 2627 2598 2734 2504 2709 2417 2441 2995 2717 2419 2756 2445 2683 2527 2740 2670 2690 2883 2436 2382 2424 2422 2584 2286 2215 2936 
3047 2554 3014 2778 2842 2822 2876 2888 2957 2623 2735 2708 3332 2612 2423 2621 2867 2576 2935 3140 2718 2714 2639 2784 3089 2838 2788 2765 2729 2870 2786 2766 2824 2902 2786 2660 3041 2761 2863 2999 2646 2935 2443 2844 2452 2767 2766 2854 2811 2480 2456 2542 2589 2700 2349 2842 2731 3014 3027 2389 2671 2909 2835 3102 2573 2793 2348 2659 3008 2935 2932 2798 2736 2858 2674 2690 2959 2606 2800 2682 2503 2900 2967 2425 2873 2336 2814 2871 2793 2849 2552 2812 2782 2330 2916 2470 2812 2443 2289 3063 
2619 2328 2601 2641 2473 2531 2687 2543 2627 2315 2823 2223 2879 2566 2128 2438 2664 2449 2610 2937 2356 2744 2414 2473 2654 2645 2549 2553 2484 2734 2683 2331 2451 2711 2586 2393 2791 2689 2341 2695 2523 2725 2289 2416 2439 2427 2369 2928 2714 2336 2309 2243 2350 2490 2078 2586 2527 2746 2767 2019 2424 2590 2215 2640 2475 2432 2222 2339 3027 2687 2819 2643 2513 2560 2562 2509 2623 2315 2624 2500 2304 2858 2522 2144 2730 2438 2356 2582 2617 2656 2654 2622 2352 2236 2405 2300 2443 2166 2219 2753 
2954 2318 2593 2408 2572 2533 2725 2529 2860 2151 2788 2511 2959 2648 2466 2587 2787 2392 2696 2765 2403 2703 2499 2502 2828 2766 2595 2665 2382 2767 2620 2520 2654 2731 2757 2566 2713 2851 2383 2679 2720 2645 2302 2509 2423 2536 2532 2899 2664 2420 2363 2211 2424 2752 2386 2610 2469 2846 2668 2249 2591 2642 2287 2698 2659 2528 2197 2571 3131 2495 2824 2718 2521 2597 2557 2585 2668 2440 2500 2290 2474 2804 2720 2315 2867 2381 2450 2633 2710 2603 2503 2581 2525 2324 2423 2209 2501 2464 2203 2836 
3087 2502 2838 2780 2779 2508 2846 2819 2846 2505 3048 2319 3053 2822 2716 2727 2960 2626 2973 3159 2461 2967 2670 2773 3091 2887 2761 2821 2825 2899 2967 2652 2680 2575 2865 2575 2894 2932 2708 2963 2854 2849 2469 2786 2697 2606 2394 2851 2859 2604 2403 2407 2426 2848 2429 2879 2702 2906 2794 2272 2547 3086 2685 2915 2703 2553 2386 2583 3093 2610 2948 2899 2751 2776 2795 2818 2844 2720 2810 2634 2629 3113 2842 2366 3140 2697 2595 2753 2737 2590 2826 2674 2770 2520 2700 2434 2653 2460 2135 3032 
3067 2527 2777 2422 2666 2885 2872 2817 2707 2435 2695 2663 2926 2976 2202 2552 2776 2607 2884 2980 2681 2909 2633 2638 2854 2850 2749 2831 2706 2788 2552 2604 2632 2927 2875 2527 2952 2751 2703 3034 2662 2760 2452 2756 2552 2654 2643 2916 2863 2462 2368 2557 2558 2861 2385 2863 2579 3065 2971 2412 2715 2758 2396 3084 2732 2914 2382 2817 3104 2755 2762 2621 2709 2783 2582 2502 2692 2562 2720 2532 2680 3048 2888 2262 2916 2535 2636 2690 2667 2878 2733 2737 2603 2383 2493 2326 2643 2552 2272 2875 
3243 2504 2831 2831 2611 2845 3013 2781 2813 2511 2915 2799 3134 2794 2520 2729 2778 2745 2870 3099 2738 3108 2770 2841 3033 2867 2786 2990 2906 2751 2986 2795 2838 2757 2988 2692 3015 2778 2655 3060 2830 2954 2468 2802 2804 2838 2624 3005 2922 2567 2525 2400 2587 2903 2773 2979 2689 2827 3043 2303 2667 2900 2824 2981 2712 2793 2157 2778 3297 2915 2899 2917 2687 2761 2722 2589 2911 2650 2817 2344 2738 2840 2767 2431 3160 2608 2670 2749 2997 2793 2908 2800 2748 2562 2736 2348 2726 2630 2247 2893 
2857 2455 2724 2594 2645 2620 2817 2722 2876 2532 2773 2340 3013 2662 2278 2447 2695 2524 2680 3057 2458 2821 2585 2633 2889 2880 2726 2654 2622 2836 2727 2661 2523 2664 2875 2570 2749 2780 2579 2881 2563 2642 2336 2481 2482 2570 2471 3041 2785 2468 2169 2345 2463 2804 2442 2768 2658 2818 2686 2139 2422 2837 2457 2965 2636 2514 2307 2495 3081 2455 2957 2720 2411 2719 2612 2647 2636 2552 2565 2509 2456 3054 2669 2338 2839 2496 2603 2621 2694 2637 2530 2649 2720 2284 2624 2470 2575 2318 2256 3008 
2661 2214 2498 2430 2375 2758 2515 2465 2390 2153 2692 2424 2698 2408 2145 2401 2543 2325 2588 2876 2082 2757 2488 2490 2448 2489 2478 2576 2312 2639 2469 2427 2342 2590 2550 2327 2540 2490 2404 2566 2573 2513 2247 2510 2456 2132 2329 2951 2424 2236 1946 2316 2210 2669 2151 2373 2458 2563 2464 1862 2398 2433 2331 2537 2168 2306 2136 2302 2823 2276 2458 2599 2463 2560 2554 2532 2412 2448 2457 2351 2313 2770 2464 2175 2595 2416 2404 2422 2692 2443 2520 2500 2192 2135 2344 2112 2256 2248 2003 2666 
2706 2298 2287 2313 2379 2299 2486 2381 2571 2312 2333 2369 2634 2322 2126 2371 2377 2252 2655 2641 2176 2510 2331 2393 2575 2638 2372 2468 2408 2868 2347 2483 2241 2391 2380 2291 2594 2411 2290 2446 2569 2544 2211 2361 2218 2452 2425 2674 2619 2252 2201 2330 2337 2448 2062 2599 2446 2518 2570 2154 2360 2585 2205 2811 2274 2313 2142 2342 2687 2279 2437 2405 2373 2570 2260 2461 2686 2298 2269 2218 2272 2525 2472 2058 2650 2138 2270 2466 2382 2333 2435 2445 2550 2135 2503 2235 2494 2150 2270 2712 
2739 2443 2959 2543 2546 2516 2868 2561 2732 2281 2820 2574 3053 2515 2228 2509 2643 2436 2562 2999 2545 2610 2689 2634 2884 2706 2500 2639 2748 2887 2764 2600 2596 2677 2734 2465 2684 2699 2538 2764 2707 2578 2352 2598 2565 2584 2359 2682 2741 2313 2259 2336 2584 2675 2570 2665 2579 2778 2751 2181 2519 2758 2616 2804 2497 2582 2192 2357 2991 2734 2904 2698 2477 2607 2471 2481 2655 2430 2501 2420 2554 2835 2867 2249 2965 2521 2373 2670 2569 2785 2615 2604 2463 2474 2671 2366 2474 2417 2219 2781 
2936 2514 2721 2459 2510 2673 2764 2617 2631 2290 2740 2461 2957 2644 2212 2465 2791 2487 2694 3016 2458 2719 2631 2688 2598 2684 2826 2505 2666 2682 2698 2613 2519 2667 2773 2440 2737 2673 2691 2811 2718 2615 2418 2510 2476 2574 2628 2705 2729 2416 2297 2432 2429 2649 2228 2548 2677 2877 2811 2149 2420 2844 2515 2707 2315 2586 2248 2475 3030 2782 2912 2597 2548 2661 2577 2657 2681 2605 2672 2664 2375 2824 2709 2328 2866 2400 2555 2585 2797 2768 2584 2719 2642 2417 2698 2195 2642 2439 2045 2786 
2884 2455 2712 2575 2744 2605 2801 2781 2963 2519 2709 2461 2863 2795 2334 2595 2694 2469 2803 3134 2508 2883 2592 2604 2901 2738 2615 2730 2277 2731 2765 2510 2760 2651 2564 2411 2948 2664 2658 2962 2880 2755 2343 2786 2424 2643 2483 2862 2763 2413 2680 2136 2544 2705 2340 2779 2623 2932 2794 2352 2596 2946 2679 2958 2482 2613 2139 2737 2935 2684 2661 2877 2585 2619 2520 2481 2887 2429 2708 2614 2489 3031 2814 2378 2849 2360 2726 2654 2734 2728 2528 2700 2743 2352 2731 2406 2588 2454 2256 2987 
2856 2284 2663 2414 2595 2671 2559 2755 2555 2227 2806 2605 2947 2536 2151 2503 2830 2428 2665 2721 2479 2928 2768 2694 2819 2584 2587 2747 2738 2798 2702 2521 2378 2831 2847 2212 2690 2470 2434 3010 2732 2553 2368 2477 2306 2514 2422 2733 2492 2518 2303 2301 2421 2667 2365 2649 2648 2813 2770 1997 2504 2580 2391 2904 2353 2560 2141 2485 2970 2659 2718 2548 2472 2744 2607 2489 2783 2555 2679 2381 2494 2736 2675 2283 2723 2610 2286 2626 2631 2432 2595 2569 2629 2258 2607 2193 2584 2536 2205 2824 
2643 2494 2796 2238 2500 2306 2687 2647 2498 2238 2608 2428 2944 2495 2148 2283 2395 2341 2625 2778 2487 2365 2518 2391 2581 2429 2506 2566 2463 2847 2413 2404 2434 2608 2766 2439 2537 2340 2321 2734 2552 2499 2335 2478 2420 2456 2493 2588 2467 2219 2257 2106 2323 2593 2161 2422 2536 2775 2713 2084 2336 2548 2296 2796 2341 2532 2214 2541 2895 2406 2620 2325 2413 2477 2331 2462 2744 2519 2318 2238 2329 2603 2757 2276 2632 2317 2486 2440 2428 2430 2459 2411 2520 2246 2679 2218 2188 2395 2170 2739 
3024 2562 3003 2932 2904 2812 3040 2966 2913 2712 2845 2743 3231 2922 2383 2813 2943 2781 3047 3278 2677 2936 2848 2804 2968 3055 2764 3163 2891 3021 3043 2783 2649 3182 2946 2653 3096 2906 2801 3115 2875 2990 2565 2810 2753 2753 2678 3028 3100 2617 2658 2583 2560 2909 2442 2926 2835 3096 3086 2578 2558 2968 2773 3074 2817 2867 2398 2749 3221 2849 3048 2864 2957 2811 2655 2902 2861 2781 2941 2614 2815 3325 2932 2441 3069 2614 2786 2846 2819 2977 2917 2881 2776 2509 2700 2743 2757 2590 2506 3121 
2744 2540 2708 2256 2381 2595 2533 2411 2579 2295 2844 2338 3010 2531 2292 2393 2518 2441 2844 2658 2338 2632 2413 2538 2855 2544 2481 2537 2533 2783 2565 2364 2321 2697 2844 2475 2798 2459 2406 2659 2785 2857 2403 2417 2508 2366 2212 2825 2500 2490 2263 2282 2359 2509 2041 2827 2505 2612 2657 2186 2328 2714 2247 2865 2482 2399 2206 2426 2936 2576 2860 2653 2456 2546 2542 2315 2705 2713 2580 2338 2617 2704 2745 2096 2798 2283 2448 2557 2527 2596 2624 2709 2628 2392 2440 2258 2452 2399 2267 2676 
2895 2648 2740 2238 2472 2681 2577 2553 2564 2331 2791 2521 2844 2570 2347 2194 2510 2176 2767 2848 2309 2453 2688 2653 2699 2563 2441 2552 2654 2830 2563 2634 2522 2577 2778 2522 2758 2520 2675 2705 2636 2754 2474 2673 2575 2504 2432 2779 2577 2513 2216 2277 2553 2448 2344 2858 2693 2835 2681 2065 2477 2629 2583 2955 2449 2493 2076 2469 2974 2696 2627 2509 2385 2592 2428 2358 2890 2439 2689 2473 2610 2830 2738 2304 2938 2456 2639 2559 2443 2663 2535 2710 2621 2292 2795 2338 2396 2506 2219 2785 
2935 2273 2628 2429 2261 2414 2580 2472 2659 2258 2565 2256 2794 2333 2395 2516 2530 2294 2727 2571 2396 2504 2347 2464 2733 2354 2333 2689 2425 2680 2740 2395 2404 2604 2514 2327 2783 2538 2220 2548 2477 2530 2206 2607 2359 2520 2559 2524 2569 2375 2317 2258 2364 2401 2226 2524 2494 2626 2645 2107 2378 2608 2125 2756 2586 2438 2131 2455 2994 2513 2725 2597 2482 2564 2431 2449 2512 2500 2400 2324 2298 2705 2459 2105 2648 2327 2303 2659 2455 2513 2365 2547 2375 2061 2487 2158 2474 2253 2146 2707 
3095 2533 2871 2829 2649 2898 2923 2854 2869 2576 3080 2817 3076 2548 2354 2635 2756 2605 2949 3130 2667 2857 2854 2651 2955 2911 2727 2747 2816 2996 3028 2568 2804 2926 2960 2532 3125 2749 2831 3036 2902 2779 2464 2907 2594 2717 2619 3009 2640 2593 2421 2450 2814 2895 2675 2721 2626 2913 2931 2197 2592 2886 2807 2795 2621 2861 2188 2720 3167 2837 2915 2915 2692 2751 2670 2468 2962 2652 2869 2609 2723 2832 3023 2454 3091 2529 2644 2835 2956 2895 2630 2763 2637 2536 2895 2367 2637 2398 2317 2941 
2516 2268 2578 2474 2443 2391 2652 2404 2575 2205 2378 2298 2769 2466 2140 2318 2516 2387 2505 2712 2386 2455 2421 2463 2758 2614 2392 2261 2433 2374 2363 2426 2571 2674 2580 2177 2588 2441 2350 2686 2476 2517 2165 2310 2392 2262 2271 2617 2593 2390 2146 1975 2359 2126 2226 2383 2465 2816 2546 2002 2354 2432 2294 2432 2450 2477 1922 2328 2813 2608 2488 2520 2352 2330 2242 2255 2529 2469 2410 2239 2280 2577 2373 2076 2500 2240 2437 2582 2560 2598 2299 2369 2458 2226 2492 2236 2289 2167 2102 2602 
2789 2170 2487 2422 2418 2591 2448 2513 2498 2183 2572 2247 2783 2523 2312 2304 2550 2135 2672 2768 2302 2548 2385 2490 2599 2731 2582 2579 2398 2460 2540 2412 2284 2444 2604 2264 2661 2545 2404 2698 2361 2630 2058 2429 2290 2497 2321 2554 2463 2305 2194 2257 2243 2632 2237 2505 2445 2608 2602 2068 2311 2549 2276 2717 2352 2380 2002 2246 2945 2494 2780 2350 2339 2424 2295 2443 2547 2246 2353 2259 2233 2609 2451 2147 2732 2264 2295 2612 2637 2565 2512 2618 2450 2204 2599 2066 2633 2337 2185 2687 
2985 2480 2908 2694 2717 2876 2879 3066 2785 2709 2868 2774 3157 2747 2478 2718 2888 2658 2856 3109 2719 2763 2810 2749 2886 2872 2785 2822 2764 3128 2683 2624 2726 2743 2950 2570 3028 2712 2675 2939 3087 2721 2553 2919 2700 2698 2526 3044 2563 2666 2533 2533 2543 2733 2547 2872 2701 3014 2813 2247 2507 2868 2684 3046 2590 2741 2256 2651 2974 2643 3042 3062 2634 2894 2784 2570 3160 2851 2710 2726 2664 2887 2871 2443 3143 2568 2760 2981 3026 2792 2782 2941 2608 2516 2686 2284 2710 2431 2239 2979 
2681 2425 2900 2651 2436 2740 2488 2880 2599 2378 2692 2325 3041 2449 2298 2457 2638 2413 2681 2768 2384 2530 2674 2412 2654 2678 2460 2662 2703 2609 2500 2527 2571 2698 2710 2427 2825 2644 2437 2722 2752 2559 2248 2586 2584 2462 2398 2778 2428 2494 2143 2392 2510 2546 2254 2620 2622 2734 2533 2058 2363 2580 2280 2796 2659 2559 2335 2411 2955 2574 2891 2538 2588 2467 2710 2518 2710 2509 2598 2508 2494 2679 2505 1993 2827 2427 2453 2724 2794 2580 2570 2656 2526 2341 2669 2160 2429 2247 2211 2817 
2737 2227 2516 2326 2548 2600 2492 2569 2645 2150 2644 2468 2774 2535 2261 2404 2616 2188 2671 2580 2432 2800 2308 2469 2553 2457 2450 2714 2575 2740 2567 2490 2321 2519 2606 2222 2599 2660 2376 2593 2638 2560 2286 2598 2360 2509 2351 2721 2741 2457 2272 2299 2263 2406 2251 2704 2533 2707 2658 2126 2400 2700 2259 2724 2518 2445 2171 2405 3049 2493 2643 2679 2394 2571 2642 2484 2650 2430 2420 2345 2449 2644 2402 2133 2573 2265 2432 2712 2608 2549 2559 2477 2592 2249 2516 2126 2485 2462 2224 2817 
2794 2136 2591 2515 2426 2417 2585 2644 2429 2410 2661 2598 3046 2392 2201 2415 2533 2330 2676 2733 2414 2470 2348 2470 2786 2560 2414 2636 2428 2754 2412 2460 2338 2632 2678 2235 2699 2491 2346 2619 2461 2491 2301 2394 2299 2423 2497 2517 2595 2420 2209 2381 2332 2373 2159 2439 2485 2746 2586 2097 2437 2603 2385 2587 2310 2577 2114 2199 2734 2525 2632 2472 2447 2554 2486 2471 2637 2416 2392 2321 2234 2539 2580 2253 2644 2338 2392 2578 2701 2551 2569 2657 2324 2223 2345 2062 2435 2312 2108 2814 
2613 1992 2391 2395 2257 2505 2390 2361 2294 2112 2553 2112 2760 2335 2255 2290 2528 2275 2338 2709 2204 2533 2206 2362 2496 2410 2248 2431 2308 2522 2504 2290 2349 2384 2317 2300 2665 2352 2167 2482 2393 2443 2139 2357 2361 2290 2431 2440 2437 2207 2146 1962 2255 2407 2067 2178 2224 2451 2424 1778 2398 2414 2227 2511 2185 2309 1946 2223 2672 2402 2590 2384 2324 2514 2505 2288 2513 2370 2444 2190 2231 2418 2499 2100 2654 2193 2326 2373 2364 2282 2115 2346 2308 1902 2355 2126 2415 2163 2040 2519 
2838 2487 2863 2452 2472 2765 2722 2813 2557 2476 2797 2435 3190 2685 2449 2442 2783 2532 2742 2922 2676 2705 2639 2846 2783 2902 2676 2656 2641 2892 2637 2607 2653 2908 2776 2549 2901 2536 2708 2838 2829 2681 2341 2710 2460 2606 2637 2935 2608 2574 2242 2416 2551 2641 2480 2580 2755 2849 2678 2036 2580 2769 2536 2859 2462 2512 2184 2517 3071 2656 2884 2516 2551 2606 2552 2615 2808 2634 2802 2523 2697 2888 2865 2291 2999 2619 2469 2565 2712 2802 2635 2842 2621 2312 2842 2396 2614 2588 2338 2838 
3038 2434 2472 2374 2557 2775 2568 2611 2727 2403 2672 2526 2816 2639 2327 2420 2699 2325 2928 2795 2714 2771 2387 2542 2633 2767 2759 2744 2511 2712 2594 2620 2408 2610 2586 2400 2921 2601 2497 2822 2782 2808 2431 2669 2505 2650 2507 2845 2781 2160 2492 2309 2423 2606 2192 2818 2585 2625 2568 2187 2539 2803 2354 2939 2588 2565 2110 2458 2918 2705 2820 2525 2625 2531 2568 2532 2851 2466 2549 2433 2453 2943 2713 2230 2864 2416 2517 2775 2650 2540 2671 2853 2736 2454 2744 2262 2546 2578 2392 2777 
2877 2457 2789 2450 2350 2704 2419 2569 2597 2240 2639 2419 2814 2353 2245 2570 2548 2422 2792 2927 2344 2771 2544 2369 2597 2553 2337 2688 2670 2543 2574 2526 2374 2551 2490 2419 2823 2706 2426 2676 2578 2534 2310 2426 2425 2463 2306 2925 2649 2368 2206 2052 2480 2424 2215 2679 2489 2727 2569 2204 2414 2660 2251 2678 2415 2414 2065 2469 2870 2487 2671 2571 2372 2552 2587 2466 2514 2364 2355 2338 2315 2710 2404 2207 2904 2353 2386 2466 2590 2560 2466 2313 2417 2339 2352 2320 2435 2412 2095 2649 
2518 2260 2611 2593 2435 2557 2411 2642 2573 2439 2504 2210 2990 2201 2240 2162 2410 2312 2600 2715 2156 2455 2567 2374 2737 2450 2369 2540 2369 2677 2574 2415 2512 2493 2639 2305 2659 2228 2397 2557 2482 2429 2155 2320 2416 2561 2384 2575 2294 2286 2291 2275 2350 2751 2190 2384 2501 2553 2461 2079 2470 2532 2296 2954 2282 2414 2256 2299 2797 2360 2755 2296 2369 2442 2553 2325 2504 2378 2293 2435 2360 2589 2602 2082 2519 2132 2383 2643 2457 2419 2370 2632 2448 2126 2505 2135 2405 2157 2021 2794 
2681 2215 2711 2563 2547 2679 2543 2508 2544 2334 2770 2266 2993 2312 2262 2433 2710 2336 2715 2769 2236 2560 2555 2490 2711 2664 2447 2561 2491 2592 2569 2465 2354 2505 2640 2512 2790 2546 2423 2721 2562 2737 2259 2464 2617 2331 2224 2881 2569 2363 2063 2463 2200 2703 2170 2609 2576 2733 2438 2104 2593 2506 2346 2895 2547 2222 2141 2389 2911 2455 2719 2576 2310 2617 2669 2632 2438 2585 2620 2443 2470 2730 2379 2280 2949 2343 2434 2448 2657 2379 2576 2485 2465 2277 2369 2338 2365 2515 2066 2801 
3284 2805 3102 2877 2885 3053 2947 2951 3025 2577 3181 2853 3381 2924 2682 2866 3056 2747 3026 3171 2668 3084 2801 2820 2964 2773 2892 3122 2885 3108 2879 2796 2893 2875 3120 2673 2995 2962 2765 3176 3035 2947 2615 3110 2959 2677 2670 3170 2901 2753 2570 2365 2718 3053 2748 2878 2778 3269 3174 2248 2810 3070 2833 2906 2744 2899 2347 2704 3283 2953 2933 3112 2725 2991 2968 2628 2880 2983 2921 2683 2845 3113 2998 2627 3164 2722 2776 2969 3133 3017 2781 2906 2759 2520 2768 2520 2692 2662 2326 3173 
2770 2530 2587 2336 2695 2579 2779 2495 2626 2165 2747 2453 2769 2574 2153 2487 2591 2663 2662 2838 2277 2831 2497 2567 2789 2734 2532 2685 2616 2865 2565 2610 2298 2803 2727 2411 2825 2697 2501 2758 2704 2760 2272 2442 2679 2378 2452 2957 2614 2450 2243 2332 2666 2562 2427 2826 2745 2615 2796 2284 2357 2663 2575 2650 2599 2493 2313 2360 2859 2604 2748 2530 2627 2501 2501 2526 2785 2527 2628 2386 2429 2882 2630 2375 2729 2461 2546 2568 2542 2659 2576 2597 2553 2311 2705 2336 2402 2367 2520 2914 
2731 2220 2377 2323 2403 2457 2407 2325 2417 2149 2530 2366 2725 2417 2216 2231 2438 2154 2543 2656 2230 2468 2333 2338 2444 2346 2350 2445 2379 2351 2624 2252 2169 2442 2536 2270 2525 2358 2233 2581 2381 2346 2211 2375 2254 2402 2180 2572 2501 2224 2272 2028 2241 2308 2085 2567 2423 2400 2608 1994 2168 2541 2229 2509 2145 2342 1836 2382 2793 2371 2629 2418 2084 2406 2298 2215 2402 2434 2404 2093 2302 2637 2416 2237 2622 2318 2275 2439 2335 2502 2389 2315 2335 2192 2364 2083 2242 2382 1802 2526 
2437 2099 2270 2121 2043 2311 2350 2170 2491 2037 2330 1886 2458 2205 2012 2014 2167 2210 2320 2574 2151 2283 2026 2139 2433 2178 2058 2146 2300 2149 2178 2152 2176 2399 2326 2024 2588 2300 2137 2373 2362 2323 1890 2272 2194 2166 2216 2383 2230 2006 1896 1637 2149 2237 1971 2161 2163 2352 2303 1658 2173 2522 2197 2303 2096 2222 1822 2221 2397 2136 2381 2254 1957 1967 2226 1980 2346 2195 2246 2084 2187 2405 2439 1890 2427 2204 2136 2117 2298 2335 2149 2099 1938 1951 2031 2002 2094 2082 1718 2464 
2973 2678 2748 2591 2718 2576 2700 2876 2589 2413 2764 2496 2916 2636 2466 2628 2662 2479 2860 2913 2380 2572 2478 2563 2788 2597 2492 2849 2582 2846 2619 2664 2375 2760 2649 2306 2739 2674 2719 2778 2609 2620 2377 2626 2655 2451 2442 2761 2801 2419 2429 2282 2648 2771 2317 2773 2571 2907 2721 2267 2571 2750 2419 2558 2498 2772 2362 2520 2993 2698 3061 2626 2438 2487 2645 2549 2693 2693 2590 2641 2496 2973 2603 2236 2815 2444 2478 2665 2758 2549 2754 2746 2683 2449 2654 2314 2547 2445 2447 2730 
2633 2193 2527 2432 2520 2604 2610 2689 2638 2260 2821 2309 2765 2550 2270 2312 2658 2294 2638 3026 2378 2562 2329 2461 2449 2726 2681 2358 2508 2810 2491 2318 2361 2384 2422 2436 2801 2323 2523 2617 2712 2468 2124 2608 2243 2384 2352 2859 2524 2299 2126 2135 2284 2561 2277 2533 2303 2678 2834 1810 2379 2601 2409 2739 2176 2433 2124 2353 2784 2420 2683 2443 2519 2477 2450 2361 2726 2324 2684 2303 2475 2554 2738 2395 2820 2406 2365 2438 2549 2551 2479 2485 2428 2101 2513 2289 2520 2088 2164 2808 
3160 2535 3084 2724 2649 2900 2818 2769 2892 2609 3006 2734 3264 2857 2578 2457 2807 2464 2891 3169 2604 2909 2784 2601 2942 2939 2906 2734 2685 3217 2890 2735 2765 2711 2961 2808 3163 2799 2812 2833 3033 2721 2579 2956 2638 2828 2629 2953 3009 2436 2488 2456 2520 2874 2579 2932 2763 2843 2933 2413 2587 2963 2633 3160 2701 2674 2516 2756 3096 2840 3032 2744 2663 2842 2678 2556 3014 2709 2768 2733 2793 2915 3040 2719 3109 2444 2655 2769 2792 2781 2560 2995 2761 2527 2780 2464 2667 2468 2352 3040 
2771 2253 2569 2309 2370 2365 2653 2455 2515 2148 2648 2125 2698 2589 2306 2222 2508 2220 2544 2717 2099 2406 2271 2422 2510 2585 2349 2442 2350 2605 2482 2423 2436 2238 2513 2303 2416 2480 2261 2528 2526 2495 2122 2366 2550 2268 2262 2646 2370 2277 2154 1968 2247 2496 2158 2507 2312 2732 2667 2006 2371 2552 2317 2529 2434 2411 2013 2207 2815 2499 2505 2421 2147 2278 2440 2412 2319 2226 2481 2179 2486 2754 2369 2264 2721 2311 2161 2518 2440 2459 2371 2391 2587 2024 2360 2119 2317 2109 2179 2721 
2962 2376 2621 2554 2436 2562 2593 2508 2594 2299 2836 2432 2897 2552 2339 2546 2725 2202 2673 2682 2262 2499 2449 2444 2741 2575 2523 2665 2394 2709 2628 2421 2256 2521 2721 2500 2668 2721 2255 2690 2529 2683 2181 2563 2565 2307 2413 2786 2575 2286 2198 2428 2231 2630 2244 2690 2400 2675 2495 2121 2349 2636 2386 2678 2418 2299 2179 2361 2881 2507 2585 2487 2378 2655 2460 2379 2518 2470 2434 2498 2343 2746 2531 2131 2692 2395 2466 2638 2610 2546 2614 2668 2602 2324 2447 2021 2515 2322 2082 2784 
3020 2416 2723 2829 2495 2787 2943 2900 2711 2528 2872 2656 3106 2756 2331 2466 2902 2475 2733 3048 2565 2724 2773 2734 2782 2814 2628 2816 2646 2902 3001 2535 2622 2747 2869 2592 2976 2832 2665 2917 2684 2707 2377 2689 2552 2556 2590 2817 2660 2588 2383 2389 2710 3002 2403 2785 2757 2852 2709 2211 2625 2731 2631 2825 2492 2611 2325 2711 3182 2705 2860 2699 2832 2712 2509 2777 2941 2615 2683 2743 2569 3075 2877 2306 2954 2641 2711 2654 2797 2947 2770 2911 2412 2382 2543 2361 2676 2462 2246 3013 
2806 2465 2626 2371 2537 2475 2634 2591 2774 2414 2925 2386 2868 2382 2383 2365 2665 2483 2719 2867 2367 2774 2476 2661 2864 2479 2611 2672 2722 3035 2680 2504 2390 2629 2684 2572 2800 2428 2381 2842 2869 2552 2483 2450 2561 2334 2354 2851 2688 2448 2257 2250 2332 2585 2122 2597 2546 2725 2800 2182 2532 2792 2469 2828 2385 2426 2198 2385 3018 2620 2688 2741 2492 2590 2687 2556 2732 2563 2678 2385 2440 2637 2750 2340 2883 2432 2592 2586 2446 2515 2376 2596 2355 2275 2446 2371 2360 2295 2194 2909 
